0.340805442697685 0.340805442697685 0.3536605099919091 0.3567977171293598 0.3567977171293598 0.35972786511575305 0.35972786511575305 0.3672028744682147 0.37386704714510677 0.37386704714510677
1088 2112 3136 4160 5184 6208 7232 8256 9280 10304
0.3564027387487712 0.3568777568011972 0.35697171641596276 0.35700303628755126 0.3587395491678485 0.3652732223797884 0.3656595007960468 0.37028614182681846 0.37239849316617796 0.37239849316617796
1088 2112 3136 4160 5184 6208 7232 8256 9280 10304
0.3545252864463255 0.35866646946747516 0.35887178862566665 0.35890658848298723 0.3593868265140113 0.3593868265140113 0.35966522537257595 0.35967218534404005 0.3679267115004828 0.36806417093689914
1088 2112 3136 4160 5184 6208 7232 8256 9280 10304
0.3591762873772219 0.3689794071844307 0.36959536465900494 0.36959536465900494 0.3741872058324562 0.37422548567550873 0.3742289656612408 0.3742289656612408 0.3746100240989012 0.3746100240989012
1088 2112 3136 4160 5184 6208 7232 8256 9280 10304
0.3488703096317305 0.3488703096317305 0.36183325648364845 0.36183325648364845 0.36183325648364845 0.36183325648364845 0.3659170197402191 0.3659170197402191 0.3659170197402191 0.3659170197402191
1088 2112 3136 4160 5184 6208 7232 8256 9280 10304
