0.3507438726672286 0.35132542000252565 0.37964835957519094 0.3818095907780015 0.3907094085318774 0.39111295019242803
2048 4032 6016 8000 9984 11968
0.3413804013888169 0.3421129273592392 0.36915348050022384 0.37049691076277297 0.37083568072492124 0.3737681145238186
2048 4032 6016 8000 9984 11968
0.3460197325348242 0.3473543091119802 0.3634698804612678 0.3715938357846393 0.37217025730207715 0.3842629935987856
2048 4032 6016 8000 9984 11968
0.3631837666280365 0.36401508108810865 0.36668656415962914 0.3672401524884215 0.36791443052862566 0.36870101057829
2048 4032 6016 8000 9984 11968
0.36031097870968254 0.37462692200695324 0.37529514226241484 0.3757830269259212 0.3759041826207748 0.3761949562884233
2048 4032 6016 8000 9984 11968
